$ANSIBLE_VAULT;1.1;AES256
65353563656634373762313763303165383930626639396137613831303563383039373464396331
3063626261326232613530643961626430393134373263380a346436646662396437633762623733
39316430336538646636343332353539333136663938663365303036366535353337303434376334
6639376461336130340a383938303761623733626466393663373335353639653930623236323931
32366532353664373863643466666531333532393364663237303361633464646534656338643936
61343936646334643365613636643036363264396165616533643963346661386136373331383031
66626336333532353232333536616663316131613761363166326531343735306239306363643438
34373335393935613265616632633736633932323835313339346665303632623938333465656335
36333035663765393436316463383864643831623736666665656233393439663331343239333261
38363231323862353433353964333965333062393563363832393461306130623434343432616237
32383238633637666433333663303933366330653464643632303262613461346364353433393038
64663265636663373161316330323563663333303234646536646232363839613130326435333238
65326664653832303862323561623333303138636664326166643535363363343263656464363463
36363630376130633539363466633730653164313166356164643865306636373037363134346564
33333463656431393664323134393333666565653062383133346134653564323136346265646466
31666633613264313138633766383436383735633134373736323762623231346630666161633335
32623835333066343232613632633230653866643635316236633731383566353039393334313339
31333963386630666137326232303136386561363931303162663930386533343263366435353564
62623662366133656466333463313539656333333837663638396637313731323335653237616232
63623637646139633431636439303436396663356164383730373238333136333365393462353561
36643832336265373034333932383736393066353664613163326436656239363038303161353732
62663535343136336531363833613030323036636231613831353735343138316639326436376561
32636235303062373765373662323864376465643935333938393133636534383761616538346235
65626333343931363664323133323365613438396361633433393464643961316534623937356566
64643763386664643966393937363032373461383630386665353361333038306438343838386331
39336335616163303535366131613564333936383930333236653437303532393933373339396332
33616364306332313862623232616530333832316363326666666330336336643933626362636239
30393766643032366230386430396331633137353665656662643236376366646164663562313264
34653530643761376363653531303138636530373131333562653662306463326530
