$ANSIBLE_VAULT;1.1;AES256
33633366323464323535656435633736326563353264313363623337376130363539326664393862
6361303939396431353839636362316566306662333535610a613561633462383863323539633539
65366262333238356433333262623635343265373830383965633961326161323365323936646632
3437333265366361640a656461373333366339376331613739633664646431376135366131396438
65636666356463306230623837363364366331303639663834393735626366353132643833613365
31393235653232383064333663613434626335646531616338313137376365356162646364376664
35356234386230623737366433336130663338393034336535316232383930313730306438653536
35366232313237356233383839616233356166616563326563313031623263396661663433376663
38373637303464396436303834393239643464373634623964343430393463316335323761333432
34303336656139636237336435346233336262326337336463373039383831316631383365353635
34623265353930363661646466386164623865613163666132393537376365633735393636333637
37373364326238363863363339316530333031323432316662366339653631346332373164393836
66323037363865663361393663633665333761643030373137656539326337653932353263316535
62373462616238343035366634636332363331333539363461666635666239663335616562376538
65383530323262363962613966646533393537663765363164353632396230623236323930643032
30613636633132613932333139613766653937356361316239353333663266326633613562646536
66376631383533353939666663393438643066646366323962663237303935383261643134313336
61383262366135313533663938613566626332643664366332313566396534346462323465316233
66306339343362613463336466656439663562643562343963323838643035363166613533383165
64646463373165653531666335363739393731373430376163356236666561333932313635613731
61643135323565653436343330336137396430616633376435363235343066343966623634373530
65656666663339333534656663633061363563353636376437613364636531666638323662626133
35356664323037303633356162373664346535646233313434313930623337373965333834396637
34366638323931396132356662656431393861393633323332393234663265613131383962386538
34323438356637663333666433363232363031313331626535366262343530656439643035613234
36343862363661363734353839626636393436616437393264363535643230373031383062336538
30633534326431333531663562346262626566633331613565663339636666653037623164653962
30313531343737383134353264393764333535333963343639396539643064633136663736353532
38323732343037656530373731333166333836306434636361376636666462333931333366313337
3761373237626635643735643363323765303533396463393138
